pos	mean	ratio	RSA	exp?
1	0	0.0	0.603362963	TRUE
2	0.44	1.0	0.610034188	TRUE
3	0.25	4.0	0.7333499171	TRUE
4	0	0.0	0.7644863732	TRUE
5	0	2.0	0.6437820513	TRUE
6	0	0.0	0.8495164076	TRUE
7	0	0.333333333333	0.4021709402	TRUE
8	0.37	0.0	0.6473056995	TRUE
9	0	0.0	0.2	FALSE
10	0	0.333333333333	0.379047619	TRUE
11	0	0.0	0.0158656331	FALSE
12	0	0.0	0.2795238095	TRUE
13	0	0.0	0.0005472637	FALSE
14	0	0.0	0.1325349301	FALSE
15	0	0.0	0.0211111111	FALSE
16	0	0.0	0.0038461538	FALSE
17	0	0.0	0	FALSE
18	0	0.0	0.0863095238	FALSE
19	0	0.0	0.0416795866	FALSE
20	0	0.0	0.1574712644	FALSE
21	0	0.0	0.4933752621	TRUE
22	0	0.0	0.561537133	TRUE
23	0	0.0	0.2421153846	TRUE
24	0	0.0	0.2755483871	TRUE
25	0.22	0.333333333333	0.4334991708	TRUE
26	0	0.0	0.02348659	FALSE
27	0	0.0	0.2510310734	TRUE
28	0	0.0	0.0080215054	FALSE
29	0	1.0	0.0740101523	FALSE
30	0	0.0	0.0686666667	FALSE
31	0.36	0.0	0.2891282051	TRUE
32	0	0.0	0.3887179487	TRUE
33	0	2.0	0.5740148148	TRUE
34	0	0.0	0.1179864636	FALSE
35	0	0.0	0.1924215247	FALSE
36	0	0.0	0	FALSE
37	0	0.0	0.1111182796	FALSE
38	0	0.0	0.1297582038	FALSE
39	0	0.0	0.1448837209	FALSE
40	0	0.0	0.2369892473	TRUE
41	0	0.0	0.2128550075	TRUE
42	0	0.0	0.0003482587	FALSE
43	0	0.0	0.0077969349	FALSE
44	0	1.0	0.0509777778	FALSE
45	0.16	6.0	0.3400645161	TRUE
46	0	0.0	0.4204946237	TRUE
47	0.19	0.0	0.2097419355	TRUE
48	0	0.0	0.6007096774	TRUE
49	0	0.333333333333	0.2750320513	TRUE
50	1.39	2.66666666667	0.3219491525	TRUE
51	0	0.0	0	FALSE
52	0	0.0	0.0345908184	FALSE
53	0.28	6.0	0.2766839378	TRUE
54	0.03	2.0	0.370984456	TRUE
55	0	0.0	0.3914675052	TRUE
56	0	0.0	0.0521875	FALSE
57	0.44	0.25	0.4122506083	TRUE
58	0	2.0	0.1464128596	FALSE
59	0	0.333333333333	0.0694195688	FALSE
60	0	0.0	0.2444273504	TRUE
61	0	0.0	0	FALSE
62	1.37	5.0	0.4538071066	TRUE
63	0.29	0.666666666667	0.2382905983	TRUE
64	0	0.0	0.0015968064	FALSE
65	0	0.0	0.1727741935	FALSE
66	0	0.0	0	FALSE
67	0.24	2.0	0	FALSE
68	0	0.0	0.005008547	FALSE
69	0	0.0	0.0487338501	FALSE
70	0	0.0	0.0054228856	FALSE
71	0	0.0	0.0060862355	FALSE
72	0	0.0	0.0181730769	FALSE
73	0	0.0	0.0013504274	FALSE
74	0	0.0	0.1457861635	FALSE
75	1.23	0.0	0.2197321429	TRUE
76	0	0.0	0.006247505	FALSE
77	0	0.0	0.2235897436	TRUE
78	0.11	2.0	0.6813601533	TRUE
79	0.1	1.0	0.050375	FALSE
80	0.8	3.0	0.2286518519	TRUE
81	0.09	0.0	0.1564766839	FALSE
82	0.7	0.0	0.2335724963	TRUE
83	1.01	3.0	0.2517634409	TRUE
84	0	0.0	0.0218362573	FALSE
85	0	0.0	0.1582905983	FALSE
86	0	0.0	0.0023217247	FALSE
87	0	0.0	0	FALSE
88	0	2.0	0	FALSE
89	0	0.0	0.0693721973	FALSE
90	0	0.0	0.0591970803	FALSE
91	0	0.0	0.6150537634	TRUE
92	0.08	6.0	0.5051694915	TRUE
93	0	0.0	0.1998449612	FALSE
94	0	0.0	0.3579583333	TRUE
95	0	0.0	0.310688172	TRUE
96	0.36	1.33333333333	0.366148532	TRUE
97	0	0.0	0.0103792415	FALSE
98	0	0.0	0.0172370089	FALSE
99	0	0.0	0.0408176101	FALSE
100	0	0.0	0.1735614702	FALSE
101	0	1.0	0.1338974359	FALSE
102	0	0.0	0.0851915709	FALSE
103	0	0.5	0.3412997904	TRUE
104	0	0.0	0.4236923077	TRUE
105	0	0.0	0.3008111534	TRUE
106	0	0.5	0.3185271318	TRUE
107	0	0.0	0.0098924731	FALSE
108	0	0.0	0.0001160862	FALSE
109	0	0.0	0.030973236	FALSE
110	0	0.0	0.053311828	FALSE
111	0	0.0	0.0366998342	FALSE
112	0	0.0	0.013908046	FALSE
113	0	0.0	0	FALSE
114	0	0.25	0.1915483871	FALSE
115	0	0.2	0.0285376344	FALSE
116	0	0.0	0.0325	FALSE
117	0	0.0	0.0199354839	FALSE
118	0	0.0	0.010066335	FALSE
119	0	0.0	0.1761733931	FALSE
120	0	0.0	0.0205555556	FALSE
121	0.08	10.0	0.2128595601	TRUE
122	0.67	1.33333333333	0.6748387097	TRUE
123	0	0.0	0.1351270553	FALSE
124	0.54	4.0	0.6829166667	TRUE
125	0	0.0	0.1030555556	FALSE
126	0	0.0	0.6261075269	TRUE
127	0	0.0	0.0509122807	FALSE
128	0	2.0	0.6507526882	TRUE
129	0	0.333333333333	0.3638782051	TRUE
130	0	0.0	0.0849233716	FALSE
131	1.51	3.0	0.3833763441	TRUE
132	0	0.5	0.354962963	TRUE
133	0.31	0.0	0.5448531952	TRUE
134	0	0.0	0.2010576923	TRUE
135	0.63	0.0	0.3429487179	TRUE
136	0	0.0	0.0685376344	FALSE
137	0.74	0.0	0.5503626943	TRUE
138	0.52	9.0	0.0310077519	FALSE
139	0	0.333333333333	0	FALSE
140	0	0.0	0.3169491525	TRUE
141	0	0.0	0.3075304136	TRUE
142	0	4.0	0.5937820513	TRUE
143	0.58	2.0	0.8268343816	TRUE
144	1.11	10.0	0.2673076923	TRUE
145	0.74	19.0	0.4083225806	TRUE
146	0.1	0.0	0.0820512821	FALSE
147	0	0.0	0.0414861111	FALSE
148	0	0.333333333333	0.007875	FALSE
149	0	0.0	0.2040215054	TRUE
150	0	0.0	0.0902676399	FALSE
151	0	0.5	0.0054063018	FALSE
152	0	0.0	0.0218825561	FALSE
153	0	0.0	0.0587953216	FALSE
154	0	0.0	0	FALSE
155	1.9	5.0	0.1542795699	FALSE
156	1.27	3.0	0.2563983051	TRUE
157	0.32	3.0	0.3131397849	TRUE
158	1.48	7.0	0.6047115385	TRUE
159	0.86	0.0	0.6414408602	TRUE
160	0.1	0.0	0.5274623656	TRUE
161	0	0.0	0.0211280101	FALSE
162	0	0.0	0.2572955975	TRUE
163	0.01	0.666666666667	0.506532567	TRUE
164	0.07	0.5	0.0268656716	FALSE
165	0	0.333333333333	0.1907944732	FALSE
166	0	0.0	0.1088122605	FALSE
167	0	1.5	0.2642365591	TRUE
168	0	0.0	0.2100537634	TRUE
169	0	1.0	0.3538784067	TRUE
170	0	0.0	0.0025215889	FALSE
171	0	1.0	0.7139723661	TRUE
172	0.12	0.0	0.3204444444	TRUE
173	0.03	1.0	0.703626943	TRUE
174	0.78	2.0	0.1734166667	FALSE
175	0	0.0	0.1801709402	FALSE
176	0	0.333333333333	0.0078248588	FALSE
177	0	0.0	0.018026534	FALSE
178	0	0.0	0.0001774398	FALSE
179	0	0.0	0.0297800338	FALSE
180	0	0.0	0.0022690058	FALSE
181	0	0.0	0	FALSE
182	0	0.5	0	FALSE
183	0	1.0	0.0003125	FALSE
184	0	0.0	0.0153869048	FALSE
185	0	0.0	0	FALSE
186	0.79	7.0	0.1022150538	FALSE
187	0	0.0	0.2883225806	TRUE
188	0.33	7.0	0.390224525	TRUE
189	1.2	0.0	0.6024740741	TRUE
190	0.1	0.0	0.1988041854	FALSE
191	0	0.0	0	FALSE
192	0.06	0.0	0.3615698925	TRUE
193	0.46	0.0	0.4394193548	TRUE
194	0	0.666666666667	0.2184577114	TRUE
195	0	0.0	0	FALSE
196	1.28	3.0	0.2776628352	TRUE
197	0.39	1.0	0.2356592593	TRUE
198	0	4.0	0.4625322997	TRUE
199	0	0.0	0.5264301075	TRUE
200	0	0.0	0.0406089744	FALSE
201	0.44	0.0	0.1400608273	FALSE
202	0.22	0.0	0	FALSE
203	0	1.0	0	FALSE
204	0	1.0	0.0061494253	FALSE
205	0	0.111111111111	0.0011397849	FALSE
206	0	0.0	0.0100430108	FALSE
207	1	2.0	0.3653649635	TRUE
208	2	0.0	0.5586374696	TRUE
209	0	3.0	0.3184301075	TRUE
210	0	0.0	0.1206962963	FALSE
211	0	0.0	0.2496888889	TRUE
212	0	0.0	0.2087526882	TRUE
213	0.26	3.0	0.0955499154	FALSE
214	0.64	3.0	0.37642978	TRUE
215	0	0.0	0.0909853249	FALSE
216	0.19	1.0	0.1411744387	FALSE
217	1.11	1.0	0.1136040609	FALSE
218	0	0.0	0.0019230769	FALSE
219	0.27	1.75	0.0104731183	FALSE
220	0.27	0.0	0.000243309	FALSE
221	0	0.0	0	FALSE
222	0.22	0.0	0.2443625731	TRUE
223	0	0.0	0.1183716475	FALSE
224	0	0.0	0.3309002433	TRUE
225	0.22	0.166666666667	0.2739423077	TRUE
226	0.22	5.25	0.1728296296	FALSE
227	1.51	0.25	0.0959139785	FALSE
228	0	0.25	0.013483871	FALSE
229	0	0.0	0.0265206813	FALSE
230	0.07	0.0	0	FALSE
231	0	0.333333333333	0.0143225806	FALSE
232	0	0.0	0.0019120135	FALSE
233	0.04	0.0	0.1721926489	FALSE
234	0	0.0	0.1759883041	FALSE
235	0	0.0	0.0301075269	FALSE
236	0	0.0	0.0734348562	FALSE
237	0	0.0	0.0005172414	FALSE
238	0	0.0	0.1671327684	FALSE
239	0	0.0	0.3765199161	TRUE
240	0	0.0	0.5199038462	TRUE
241	0	0.0	0.0164102564	FALSE
242	0	0.0	0.0657662835	FALSE
243	0	0.0	0.0046268657	FALSE
244	0.36	1.0	0	FALSE
245	0	0.0	0.0035025381	FALSE
246	0	1.0	0.0211744387	FALSE
247	0	0.666666666667	0	FALSE
248	0.03	1.0	0.0801381693	FALSE
249	0	0.0	0	FALSE
250	0	0.0	0	FALSE
251	0	0.0	0.0007628524	FALSE
252	0	0.0	0	FALSE
253	0	0.0	0	FALSE
254	0	0.0	0.008951782	FALSE
255	0	0.0	0.1984549878	FALSE
256	0	0.0	0.0076923077	FALSE
257	0	0.0	0.0612547529	FALSE
258	0	0.0	0.0147222222	FALSE
259	0	1.0	0.1935028249	FALSE
260	1.66	0.0	0.2240053763	TRUE
261	0	1.0	0.4067274939	TRUE
262	0.72	0.0	0.9247311828	TRUE
263	0	0.0	0.5533974359	TRUE
264	0	0.0	0.2659180791	TRUE
265	0	0.0	0.0581935484	FALSE
266	0	0.0	0.0503225806	FALSE
267	0	2.0	0.078071066	FALSE
268	0	0.0	0.0512634409	FALSE
269	0	0.5	0.4135523114	TRUE
270	0	0.0	0.0392903226	FALSE
271	0	0.0	0.4357777778	TRUE
272	0.84	0.0	0.0637209302	FALSE
273	0.52	0.6	0.3712159329	TRUE
274	0	0.0	0.2927241963	TRUE
275	0.08	3.0	0.3034871795	TRUE
276	1.28	0.0	0.7525376344	TRUE
277	0	0.0	0.2348502994	TRUE
278	0.77	3.5	0.6745685279	TRUE
279	0	0.0	0.1168602151	FALSE
280	0	0.0	0.3708071749	TRUE
281	0	0.0	0.0005389222	FALSE
282	0	0.0	0	FALSE
283	0	0.0	0	FALSE
284	0	0.0	0.1411530398	FALSE
285	0	1.0	0.1206735751	FALSE
286	0	0.0	0	FALSE
287	0	0.0	0.0050107527	FALSE
288	0	0.0	0.0083417936	FALSE
289	0.02	0.0	0.3327672956	TRUE
290	0	0.0	0.2533160622	TRUE
291	0	4.0	0.4372649573	TRUE
292	0	0.5	0.1688418079	FALSE
293	0	0.0	0.0529769392	FALSE
294	0	0.0	0.0219444444	FALSE
295	0	0.0	0.0030666667	FALSE
296	0	0.0	0.168566494	FALSE
297	0	0.0	0.0265517241	FALSE
298	0	0.0	0.0410017271	FALSE
299	0.14	1.0	0.2356920904	TRUE
300	0	0.0	0.1642470389	FALSE
301	0	0.0	0.1536989247	FALSE
302	0	0.0	0.0070215463	FALSE
303	0	0.0	0.0179487179	FALSE
304	0	2.0	0.0544444444	FALSE
305	0	0.0	0.037245509	FALSE
306	0	0.0	0.0286582809	FALSE
307	0.03	0.25	0.1999011299	FALSE
308	0	0.0	0.2077693283	TRUE
309	0	2.0	0	FALSE
310	0	1.0	0.4346468927	TRUE
311	0	0.0	0.1446814815	FALSE
312	0	2.0	0.4959067358	TRUE
313	0	0.2	0.3727526882	TRUE
314	0	0.0	0.0275290216	FALSE
315	0	0.0	0.3101694915	TRUE
316	0	0.0	0.0045273632	FALSE
317	0	0.0	0.0060206718	FALSE
318	0	0.0	0.038	FALSE
319	0	0.0	0	FALSE
320	0	0.0	0	FALSE
321	0	0.0	0.2627737226	TRUE
322	0	0.0	0.0247495682	FALSE
323	0	0.25	0.1085632184	FALSE
324	0	0.0	0.1713417191	FALSE
325	0	1.0	0.4075784753	TRUE
326	0	0.0	0.6682768362	TRUE
327	0	0.0	0.5259259259	TRUE
328	0	0.0	0.8964946237	TRUE
				
